Training accuracy:1.0
Average entropy across training data: 0.00719


Training data predictions with class membership probabilities:

      acutior    del1_7     del8    del9_16    interfixa    teretiuscula  class
--  ---------  --------  -------  ---------  -----------  --------------  ------------
 0    0.00000   0.99942  0.00051    0.00007      0.00000         0.00000  del1_7
 1    0.00001   0.99923  0.00002    0.00074      0.00000         0.00000  del1_7
 2    0.00001   0.99997  0.00001    0.00001      0.00000         0.00000  del1_7
 3    0.00000   0.99997  0.00002    0.00000      0.00000         0.00000  del1_7
 4    0.00000   0.99980  0.00020    0.00000      0.00000         0.00000  del1_7
 5    0.00000   0.99999  0.00000    0.00000      0.00000         0.00000  del1_7
 6    0.00000   0.99272  0.00001    0.00727      0.00000         0.00000  del1_7
 7    0.00000   0.00049  0.99951    0.00000      0.00000         0.00001  del8
 8    0.00000   0.00000  0.00000    1.00000      0.00000         0.00000  del9_16
 9    0.00000   0.00112  0.00000    0.99888      0.00000         0.00000  del9_16
10    0.00000   0.00689  0.00000    0.99311      0.00000         0.00000  del9_16
11    0.00000   0.00000  0.00000    1.00000      0.00000         0.00000  del9_16
12    0.00000   0.00059  0.00000    0.99941      0.00000         0.00000  del9_16
13    1.00000   0.00000  0.00000    0.00000      0.00000         0.00000  acutior
14    1.00000   0.00000  0.00000    0.00000      0.00000         0.00000  acutior
15    1.00000   0.00000  0.00000    0.00000      0.00000         0.00000  acutior
16    1.00000   0.00000  0.00000    0.00000      0.00000         0.00000  acutior
17    1.00000   0.00000  0.00000    0.00000      0.00000         0.00000  acutior
18    1.00000   0.00000  0.00000    0.00000      0.00000         0.00000  acutior
19    0.00000   0.00000  0.00000    0.00000      1.00000         0.00000  interfixa
20    0.00000   0.00000  0.00000    0.00000      0.00000         1.00000  teretiuscula
21    0.00000   0.00000  0.00000    1.00000      0.00000         0.00000  del9_16
22    0.00000   0.00090  0.00000    0.99909      0.00000         0.00000  del9_16
23    0.00000   0.00000  0.00000    1.00000      0.00000         0.00000  del9_16
24    0.00000   0.00005  0.00000    0.99995      0.00000         0.00000  del9_16


Test data predictions with class membership probabilities:

      acutior    del1_7     del8    del9_16    interfixa    teretiuscula  class
--  ---------  --------  -------  ---------  -----------  --------------  ---------
 0    0.00000   0.00000  0.00000    0.00000      1.00000         0.00000  interfixa
 1    0.00000   0.00000  0.00000    0.00000      1.00000         0.00000  interfixa
 2    1.00000   0.00000  0.00000    0.00000      0.00000         0.00000  acutior
 3    0.00000   0.98729  0.00000    0.01271      0.00000         0.00000  del1_7
 4    0.00000   0.99989  0.00000    0.00011      0.00000         0.00000  del1_7
 5    0.00000   0.00000  0.00000    0.00000      1.00000         0.00000  interfixa
 6    0.00000   0.00000  0.00000    0.00000      1.00000         0.00000  interfixa


Combined mean absolute SHAP values for each class:

                    L        W       Ap     Sept
------------  -------  -------  -------  -------
acutior       0.00616  0.25406  0.10304  0.01081
del1_7        0.12602  0.29082  0.09159  0.00702
del8          0.05917  0.04066  0.06382  0.00369
del9_16       0.11283  0.22268  0.16302  0.01849
interfixa     0.01742  0.02307  0.01791  0.04580
teretiuscula  0.00917  0.02033  0.07720  0.00629

